5.005005004932172596e-04 3.674100000000000000e+04
1.501501501508073488e-03 2.993200000000000000e+04
2.502502502494508008e-03 2.729300000000000000e+04
3.503503503509364236e-03 2.570000000000000000e+04
4.504504504495798756e-03 2.418700000000000000e+04
5.505505505510654984e-03 2.337100000000000000e+04
6.506506506497089504e-03 2.212300000000000000e+04
7.507507507511945732e-03 2.141800000000000000e+04
8.508508508498380252e-03 2.098400000000000000e+04
9.509509509513236480e-03 2.057900000000000000e+04
1.051051051049967100e-02 2.009400000000000000e+04
1.151151151151452723e-02 1.947000000000000000e+04
1.251251251250096175e-02 1.923600000000000000e+04
1.351351351351581798e-02 1.878000000000000000e+04
1.451451451450225250e-02 1.823700000000000000e+04
1.551551551551710872e-02 1.821600000000000000e+04
1.651651651650354324e-02 1.774300000000000000e+04
1.751751751751839947e-02 1.749400000000000000e+04
1.851851851850483399e-02 1.696300000000000000e+04
1.951951951951969022e-02 1.685700000000000000e+04
2.052052052052033559e-02 1.693700000000000000e+04
2.152152152152098097e-02 1.645100000000000000e+04
2.252252252253583720e-02 1.613900000000000000e+04
2.352352352352227172e-02 1.612900000000000000e+04
2.452452452453712795e-02 1.558500000000000000e+04
2.552552552552356246e-02 1.534500000000000000e+04
2.652652652653841869e-02 1.538600000000000000e+04
2.752752752752485321e-02 1.531500000000000000e+04
2.852852852853970944e-02 1.498100000000000000e+04
2.952952952952614396e-02 1.485300000000000000e+04
3.053053053054100019e-02 1.446500000000000000e+04
3.153153153152743471e-02 1.463700000000000000e+04
3.253253253254229094e-02 1.442600000000000000e+04
3.353353353352872546e-02 1.409400000000000000e+04
3.453453453454358169e-02 1.408000000000000000e+04
3.553553553553001620e-02 1.366100000000000000e+04
3.653653653654487243e-02 1.374400000000000000e+04
3.753753753753130695e-02 1.366500000000000000e+04
3.853853853854616318e-02 1.350100000000000000e+04
3.953953953953259770e-02 1.346300000000000000e+04
4.054054054054745393e-02 1.334700000000000000e+04
4.154154154153388845e-02 1.320600000000000000e+04
4.254254254254874468e-02 1.301400000000000000e+04
4.354354354353517920e-02 1.293700000000000000e+04
4.454454454455003543e-02 1.301500000000000000e+04
4.554554554553646994e-02 1.247600000000000000e+04
4.654654654655132617e-02 1.264200000000000000e+04
4.754754754753776069e-02 1.270100000000000000e+04
4.854854854855261692e-02 1.233500000000000000e+04
4.954954954953905144e-02 1.253000000000000000e+04
5.055055055055390767e-02 1.232500000000000000e+04
5.155155155154034219e-02 1.197600000000000000e+04
5.255255255255519842e-02 1.210000000000000000e+04
5.355355355354163294e-02 1.219400000000000000e+04
5.455455455455648917e-02 1.193400000000000000e+04
5.555555555554292368e-02 1.173400000000000000e+04
5.655655655655777991e-02 1.174000000000000000e+04
5.755755755754421443e-02 1.175100000000000000e+04
5.855855855855907066e-02 1.152700000000000000e+04
5.955955955955971604e-02 1.161900000000000000e+04
6.056056056056036141e-02 1.154900000000000000e+04
6.156156156157521764e-02 1.134800000000000000e+04
6.256256256256165216e-02 1.129200000000000000e+04
6.356356356357650839e-02 1.116000000000000000e+04
6.456456456456294291e-02 1.111100000000000000e+04
6.556556556557779913e-02 1.122200000000000000e+04
6.656656656656423365e-02 1.097100000000000000e+04
6.756756756757908988e-02 1.098200000000000000e+04
6.856856856856552440e-02 1.070000000000000000e+04
6.956956956958038063e-02 1.090000000000000000e+04
7.057057057056681515e-02 1.062400000000000000e+04
7.157157157158167138e-02 1.064000000000000000e+04
7.257257257256810590e-02 1.058500000000000000e+04
7.357357357358296213e-02 1.042300000000000000e+04
7.457457457456939665e-02 1.028200000000000000e+04
7.557557557558425287e-02 1.021700000000000000e+04
7.657657657657068739e-02 1.039700000000000000e+04
7.757757757758554362e-02 1.023000000000000000e+04
7.857857857857197814e-02 1.009900000000000000e+04
7.957957957958683437e-02 1.020900000000000000e+04
8.058058058057326889e-02 1.015100000000000000e+04
8.158158158158812512e-02 9.869000000000000000e+03
8.258258258257455964e-02 9.863000000000000000e+03
8.358358358358941587e-02 9.778000000000000000e+03
8.458458458457585039e-02 9.834000000000000000e+03
8.558558558559070661e-02 1.000800000000000000e+04
8.658658658657714113e-02 9.812000000000000000e+03
8.758758758759199736e-02 9.725000000000000000e+03
8.858858858857843188e-02 9.734000000000000000e+03
8.958958958959328811e-02 9.640000000000000000e+03
9.059059059057972263e-02 9.673000000000000000e+03
9.159159159159457886e-02 9.371000000000000000e+03
9.259259259258101338e-02 9.472000000000000000e+03
9.359359359359586961e-02 9.358000000000000000e+03
9.459459459458230413e-02 9.388000000000000000e+03
9.559559559559716035e-02 9.423000000000000000e+03
9.659659659658359487e-02 9.237000000000000000e+03
9.759759759759845110e-02 9.386000000000000000e+03
9.859859859858488562e-02 9.293000000000000000e+03
9.959959959959974185e-02 9.046000000000000000e+03
1.006006006006003872e-01 8.941000000000000000e+03
1.016016016016010326e-01 8.804000000000000000e+03
1.026026026026158888e-01 8.995000000000000000e+03
1.036036036036023233e-01 9.095000000000000000e+03
1.046046046046171796e-01 8.838000000000000000e+03
1.056056056056036141e-01 8.877000000000000000e+03
1.066066066066184703e-01 8.844000000000000000e+03
1.076076076076049048e-01 8.679000000000000000e+03
1.086086086086197611e-01 8.802000000000000000e+03
1.096096096096061956e-01 8.667000000000000000e+03
1.106106106106210518e-01 8.678000000000000000e+03
1.116116116116074863e-01 8.719000000000000000e+03
1.126126126126223426e-01 8.570000000000000000e+03
1.136136136136087771e-01 8.510000000000000000e+03
1.146146146146236333e-01 8.367000000000000000e+03
1.156156156156100678e-01 8.355000000000000000e+03
1.166166166166249241e-01 8.241000000000000000e+03
1.176176176176113586e-01 8.350000000000000000e+03
1.186186186186262148e-01 8.309000000000000000e+03
1.196196196196126493e-01 8.221000000000000000e+03
1.206206206206275056e-01 8.156000000000000000e+03
1.216216216216139401e-01 8.376000000000000000e+03
1.226226226226287963e-01 8.126000000000000000e+03
1.236236236236152308e-01 8.201000000000000000e+03
1.246246246246300871e-01 8.078000000000000000e+03
1.256256256256165216e-01 8.019000000000000000e+03
1.266266266266313778e-01 8.027000000000000000e+03
1.276276276276178123e-01 8.132000000000000000e+03
1.286286286286326686e-01 7.986000000000000000e+03
1.296296296296191031e-01 7.945000000000000000e+03
1.306306306306339593e-01 7.866000000000000000e+03
1.316316316316203938e-01 7.876000000000000000e+03
1.326326326326352500e-01 7.905000000000000000e+03
1.336336336336216846e-01 7.894000000000000000e+03
1.346346346346365408e-01 7.697000000000000000e+03
1.356356356356229753e-01 7.743000000000000000e+03
1.366366366366378315e-01 7.712000000000000000e+03
1.376376376376242661e-01 7.667000000000000000e+03
1.386386386386391223e-01 7.607000000000000000e+03
1.396396396396397677e-01 7.651000000000000000e+03
1.406406406406404130e-01 7.594000000000000000e+03
1.416416416416552693e-01 7.630000000000000000e+03
1.426426426426417038e-01 7.330000000000000000e+03
1.436436436436565600e-01 7.646000000000000000e+03
1.446446446446429945e-01 7.634000000000000000e+03
1.456456456456578508e-01 7.458000000000000000e+03
1.466466466466442853e-01 7.540000000000000000e+03
1.476476476476591415e-01 7.505000000000000000e+03
1.486486486486455760e-01 7.208000000000000000e+03
1.496496496496604323e-01 7.348000000000000000e+03
1.506506506506468668e-01 7.240000000000000000e+03
1.516516516516617230e-01 7.244000000000000000e+03
1.526526526526481575e-01 7.283000000000000000e+03
1.536536536536630138e-01 7.111000000000000000e+03
1.546546546546494483e-01 7.249000000000000000e+03
1.556556556556643045e-01 7.105000000000000000e+03
1.566566566566507390e-01 7.214000000000000000e+03
1.576576576576655953e-01 7.126000000000000000e+03
1.586586586586520298e-01 7.063000000000000000e+03
1.596596596596668860e-01 6.873000000000000000e+03
1.606606606606533205e-01 7.030000000000000000e+03
1.616616616616681767e-01 7.035000000000000000e+03
1.626626626626546113e-01 6.869000000000000000e+03
1.636636636636694675e-01 6.873000000000000000e+03
1.646646646646559020e-01 6.818000000000000000e+03
1.656656656656707582e-01 6.923000000000000000e+03
1.666666666666571928e-01 6.950000000000000000e+03
1.676676676676720490e-01 6.959000000000000000e+03
1.686686686686584835e-01 6.869000000000000000e+03
1.696696696696733397e-01 6.858000000000000000e+03
1.706706706706597743e-01 6.678000000000000000e+03
1.716716716716746305e-01 6.623000000000000000e+03
1.726726726726610650e-01 6.708000000000000000e+03
1.736736736736759212e-01 6.776000000000000000e+03
1.746746746746623558e-01 6.640000000000000000e+03
1.756756756756772120e-01 6.660000000000000000e+03
1.766766766766636465e-01 6.596000000000000000e+03
1.776776776776785027e-01 6.555000000000000000e+03
1.786786786786649373e-01 6.568000000000000000e+03
1.796796796796797935e-01 6.672000000000000000e+03
1.806806806806946497e-01 6.414000000000000000e+03
1.816816816816810842e-01 6.470000000000000000e+03
1.826826826826959405e-01 6.375000000000000000e+03
1.836836836836823750e-01 6.512000000000000000e+03
1.846846846846972312e-01 6.351000000000000000e+03
1.856856856856836657e-01 6.415000000000000000e+03
1.866866866866985220e-01 6.439000000000000000e+03
1.876876876876849565e-01 6.242000000000000000e+03
1.886886886886998127e-01 6.368000000000000000e+03
1.896896896896862472e-01 6.157000000000000000e+03
1.906906906907011034e-01 6.280000000000000000e+03
1.916916916916875380e-01 6.243000000000000000e+03
1.926926926927023942e-01 6.141000000000000000e+03
1.936936936936888287e-01 6.243000000000000000e+03
1.946946946947036849e-01 6.230000000000000000e+03
1.956956956956901195e-01 6.276000000000000000e+03
1.966966966967049757e-01 6.226000000000000000e+03
1.976976976976914102e-01 6.091000000000000000e+03
1.986986986987062664e-01 6.096000000000000000e+03
1.996996996996927010e-01 6.101000000000000000e+03
2.007007007007075572e-01 6.000000000000000000e+03
2.017017017016939917e-01 6.017000000000000000e+03
2.027027027027088479e-01 5.991000000000000000e+03
2.037037037036952825e-01 6.226000000000000000e+03
2.047047047047101387e-01 5.904000000000000000e+03
2.057057057056965732e-01 5.966000000000000000e+03
2.067067067067114294e-01 6.107000000000000000e+03
2.077077077076978640e-01 5.915000000000000000e+03
2.087087087087127202e-01 5.985000000000000000e+03
2.097097097096991547e-01 5.904000000000000000e+03
2.107107107107140109e-01 5.905000000000000000e+03
2.117117117117004454e-01 6.004000000000000000e+03
2.127127127127153017e-01 5.891000000000000000e+03
2.137137137137017362e-01 5.762000000000000000e+03
2.147147147147165924e-01 5.689000000000000000e+03
2.157157157157030269e-01 5.889000000000000000e+03
2.167167167167178832e-01 5.813000000000000000e+03
2.177177177177043177e-01 5.758000000000000000e+03
2.187187187187191739e-01 5.821000000000000000e+03
2.197197197197198193e-01 5.803000000000000000e+03
2.207207207207204647e-01 5.773000000000000000e+03
2.217217217217353209e-01 5.571000000000000000e+03
2.227227227227217554e-01 5.679000000000000000e+03
2.237237237237366116e-01 5.609000000000000000e+03
2.247247247247230462e-01 5.675000000000000000e+03
2.257257257257379024e-01 5.650000000000000000e+03
2.267267267267243369e-01 5.535000000000000000e+03
2.277277277277391931e-01 5.655000000000000000e+03
2.287287287287256277e-01 5.489000000000000000e+03
2.297297297297404839e-01 5.604000000000000000e+03
2.307307307307269184e-01 5.478000000000000000e+03
2.317317317317417746e-01 5.517000000000000000e+03
2.327327327327282092e-01 5.525000000000000000e+03
2.337337337337430654e-01 5.530000000000000000e+03
2.347347347347294999e-01 5.499000000000000000e+03
2.357357357357443561e-01 5.432000000000000000e+03
2.367367367367307907e-01 5.551000000000000000e+03
2.377377377377456469e-01 5.415000000000000000e+03
2.387387387387320814e-01 5.418000000000000000e+03
2.397397397397469376e-01 5.408000000000000000e+03
2.407407407407333721e-01 5.329000000000000000e+03
2.417417417417482284e-01 5.216000000000000000e+03
2.427427427427346629e-01 5.263000000000000000e+03
2.437437437437495191e-01 5.296000000000000000e+03
2.447447447447359536e-01 5.309000000000000000e+03
2.457457457457508099e-01 5.289000000000000000e+03
2.467467467467372444e-01 5.321000000000000000e+03
2.477477477477521006e-01 5.250000000000000000e+03
2.487487487487385351e-01 5.278000000000000000e+03
2.497497497497533914e-01 5.099000000000000000e+03
2.507507507507398259e-01 5.193000000000000000e+03
2.517517517517546821e-01 5.215000000000000000e+03
2.527527527527411166e-01 5.116000000000000000e+03
2.537537537537559729e-01 5.197000000000000000e+03
2.547547547547424074e-01 5.174000000000000000e+03
2.557557557557572636e-01 5.014000000000000000e+03
2.567567567567436981e-01 5.166000000000000000e+03
2.577577577577585544e-01 5.078000000000000000e+03
2.587587587587449889e-01 5.007000000000000000e+03
2.597597597597598451e-01 5.048000000000000000e+03
2.607607607607747013e-01 5.004000000000000000e+03
2.617617617617611359e-01 5.032000000000000000e+03
2.627627627627759921e-01 5.063000000000000000e+03
2.637637637637624266e-01 4.960000000000000000e+03
2.647647647647772828e-01 5.007000000000000000e+03
2.657657657657637174e-01 4.973000000000000000e+03
2.667667667667785736e-01 4.913000000000000000e+03
2.677677677677650081e-01 4.760000000000000000e+03
2.687687687687798643e-01 4.857000000000000000e+03
2.697697697697662989e-01 4.914000000000000000e+03
2.707707707707811551e-01 5.018000000000000000e+03
2.717717717717675896e-01 4.748000000000000000e+03
2.727727727727824458e-01 4.809000000000000000e+03
2.737737737737688803e-01 4.842000000000000000e+03
2.747747747747837366e-01 4.747000000000000000e+03
2.757757757757701711e-01 4.824000000000000000e+03
2.767767767767850273e-01 5.012000000000000000e+03
2.777777777777714618e-01 4.800000000000000000e+03
2.787787787787863181e-01 4.953000000000000000e+03
2.797797797797727526e-01 4.755000000000000000e+03
2.807807807807876088e-01 4.704000000000000000e+03
2.817817817817740433e-01 4.571000000000000000e+03
2.827827827827888996e-01 4.774000000000000000e+03
2.837837837837753341e-01 4.750000000000000000e+03
2.847847847847901903e-01 4.767000000000000000e+03
2.857857857857766248e-01 4.784000000000000000e+03
2.867867867867914811e-01 4.722000000000000000e+03
2.877877877877779156e-01 4.681000000000000000e+03
2.887887887887927718e-01 4.563000000000000000e+03
2.897897897897792063e-01 4.588000000000000000e+03
2.907907907907940626e-01 4.547000000000000000e+03
2.917917917917804971e-01 4.722000000000000000e+03
2.927927927927953533e-01 4.719000000000000000e+03
2.937937937937817878e-01 4.606000000000000000e+03
2.947947947947966441e-01 4.580000000000000000e+03
2.957957957957830786e-01 4.620000000000000000e+03
2.967967967967979348e-01 4.487000000000000000e+03
2.977977977977843693e-01 4.654000000000000000e+03
2.987987987987992256e-01 4.660000000000000000e+03
2.997997997997998709e-01 4.528000000000000000e+03
3.008008008008005163e-01 4.484000000000000000e+03
3.018018018018153725e-01 4.380000000000000000e+03
3.028028028028018070e-01 4.524000000000000000e+03
3.038038038038166633e-01 4.373000000000000000e+03
3.048048048048030978e-01 4.476000000000000000e+03
3.058058058058179540e-01 4.400000000000000000e+03
3.068068068068043885e-01 4.458000000000000000e+03
3.078078078078192448e-01 4.347000000000000000e+03
3.088088088088056793e-01 4.375000000000000000e+03
3.098098098098205355e-01 4.508000000000000000e+03
3.108108108108069700e-01 4.426000000000000000e+03
3.118118118118218263e-01 4.406000000000000000e+03
3.128128128128082608e-01 4.377000000000000000e+03
3.138138138138231170e-01 4.448000000000000000e+03
3.148148148148095515e-01 4.257000000000000000e+03
3.158158158158244078e-01 4.317000000000000000e+03
3.168168168168108423e-01 4.327000000000000000e+03
3.178178178178256985e-01 4.232000000000000000e+03
3.188188188188121330e-01 4.120000000000000000e+03
3.198198198198269893e-01 4.326000000000000000e+03
3.208208208208134238e-01 4.337000000000000000e+03
3.218218218218282800e-01 4.336000000000000000e+03
3.228228228228147145e-01 4.307000000000000000e+03
3.238238238238295708e-01 4.199000000000000000e+03
3.248248248248160053e-01 4.185000000000000000e+03
3.258258258258308615e-01 4.153000000000000000e+03
3.268268268268172960e-01 4.089000000000000000e+03
3.278278278278321523e-01 4.126000000000000000e+03
3.288288288288185868e-01 4.147000000000000000e+03
3.298298298298334430e-01 4.163000000000000000e+03
3.308308308308198775e-01 4.258000000000000000e+03
3.318318318318347337e-01 4.151000000000000000e+03
3.328328328328211683e-01 4.221000000000000000e+03
3.338338338338360245e-01 4.110000000000000000e+03
3.348348348348224590e-01 4.066000000000000000e+03
3.358358358358373152e-01 4.106000000000000000e+03
3.368368368368237498e-01 4.139000000000000000e+03
3.378378378378386060e-01 4.014000000000000000e+03
3.388388388388250405e-01 4.133000000000000000e+03
3.398398398398398967e-01 4.111000000000000000e+03
3.408408408408547530e-01 4.122000000000000000e+03
3.418418418418411875e-01 4.020000000000000000e+03
3.428428428428560437e-01 3.950000000000000000e+03
3.438438438438424782e-01 3.938000000000000000e+03
3.448448448448573345e-01 4.042000000000000000e+03
3.458458458458437690e-01 4.014000000000000000e+03
3.468468468468586252e-01 4.104000000000000000e+03
3.478478478478450597e-01 3.985000000000000000e+03
3.488488488488599160e-01 3.972000000000000000e+03
3.498498498498463505e-01 3.902000000000000000e+03
3.508508508508612067e-01 4.007000000000000000e+03
3.518518518518476412e-01 3.884000000000000000e+03
3.528528528528624975e-01 3.952000000000000000e+03
3.538538538538489320e-01 3.959000000000000000e+03
3.548548548548637882e-01 3.984000000000000000e+03
3.558558558558502227e-01 3.845000000000000000e+03
3.568568568568650790e-01 3.925000000000000000e+03
3.578578578578515135e-01 3.840000000000000000e+03
3.588588588588663697e-01 3.875000000000000000e+03
3.598598598598528042e-01 3.895000000000000000e+03
3.608608608608676604e-01 3.826000000000000000e+03
3.618618618618540950e-01 3.813000000000000000e+03
3.628628628628689512e-01 3.868000000000000000e+03
3.638638638638553857e-01 3.803000000000000000e+03
3.648648648648702419e-01 3.780000000000000000e+03
3.658658658658566765e-01 3.696000000000000000e+03
3.668668668668715327e-01 3.854000000000000000e+03
3.678678678678579672e-01 3.804000000000000000e+03
3.688688688688728234e-01 3.756000000000000000e+03
3.698698698698592580e-01 3.752000000000000000e+03
3.708708708708741142e-01 3.713000000000000000e+03
3.718718718718605487e-01 3.811000000000000000e+03
3.728728728728754049e-01 3.846000000000000000e+03
3.738738738738618395e-01 3.908000000000000000e+03
3.748748748748766957e-01 3.731000000000000000e+03
3.758758758758631302e-01 3.777000000000000000e+03
3.768768768768779864e-01 3.745000000000000000e+03
3.778778778778644210e-01 3.634000000000000000e+03
3.788788788788792772e-01 3.748000000000000000e+03
3.798798798798799226e-01 3.827000000000000000e+03
3.808808808808805679e-01 3.662000000000000000e+03
3.818818818818954242e-01 3.665000000000000000e+03
3.828828828828818587e-01 3.667000000000000000e+03
3.838838838838967149e-01 3.632000000000000000e+03
3.848848848848831494e-01 3.524000000000000000e+03
3.858858858858980057e-01 3.646000000000000000e+03
3.868868868868844402e-01 3.616000000000000000e+03
3.878878878878992964e-01 3.623000000000000000e+03
3.888888888888857309e-01 3.610000000000000000e+03
3.898898898899005871e-01 3.562000000000000000e+03
3.908908908908870217e-01 3.621000000000000000e+03
3.918918918919018779e-01 3.643000000000000000e+03
3.928928928928883124e-01 3.513000000000000000e+03
3.938938938939031686e-01 3.532000000000000000e+03
3.948948948948896032e-01 3.597000000000000000e+03
3.958958958959044594e-01 3.559000000000000000e+03
3.968968968968908939e-01 3.626000000000000000e+03
3.978978978979057501e-01 3.488000000000000000e+03
3.988988988988921847e-01 3.471000000000000000e+03
3.998998998999070409e-01 3.516000000000000000e+03
4.009009009008934754e-01 3.570000000000000000e+03
4.019019019019083316e-01 3.573000000000000000e+03
4.029029029028947662e-01 3.433000000000000000e+03
4.039039039039096224e-01 3.449000000000000000e+03
4.049049049048960569e-01 3.514000000000000000e+03
4.059059059059109131e-01 3.452000000000000000e+03
4.069069069068973477e-01 3.514000000000000000e+03
4.079079079079122039e-01 3.605000000000000000e+03
4.089089089088986384e-01 3.479000000000000000e+03
4.099099099099134946e-01 3.413000000000000000e+03
4.109109109108999291e-01 3.469000000000000000e+03
4.119119119119147854e-01 3.407000000000000000e+03
4.129129129129012199e-01 3.417000000000000000e+03
4.139139139139160761e-01 3.436000000000000000e+03
4.149149149149025106e-01 3.397000000000000000e+03
4.159159159159173669e-01 3.262000000000000000e+03
4.169169169169038014e-01 3.382000000000000000e+03
4.179179179179186576e-01 3.453000000000000000e+03
4.189189189189050921e-01 3.339000000000000000e+03
4.199199199199199484e-01 3.384000000000000000e+03
4.209209209209348046e-01 3.371000000000000000e+03
4.219219219219212391e-01 3.271000000000000000e+03
4.229229229229360953e-01 3.308000000000000000e+03
4.239239239239225299e-01 3.308000000000000000e+03
4.249249249249373861e-01 3.405000000000000000e+03
4.259259259259238206e-01 3.305000000000000000e+03
4.269269269269386768e-01 3.322000000000000000e+03
4.279279279279251114e-01 3.358000000000000000e+03
4.289289289289399676e-01 3.319000000000000000e+03
4.299299299299264021e-01 3.310000000000000000e+03
4.309309309309412583e-01 3.238000000000000000e+03
4.319319319319276929e-01 3.265000000000000000e+03
4.329329329329425491e-01 3.091000000000000000e+03
4.339339339339289836e-01 3.331000000000000000e+03
4.349349349349438398e-01 3.228000000000000000e+03
4.359359359359302744e-01 3.162000000000000000e+03
4.369369369369451306e-01 3.116000000000000000e+03
4.379379379379315651e-01 3.111000000000000000e+03
4.389389389389464213e-01 3.223000000000000000e+03
4.399399399399328559e-01 3.174000000000000000e+03
4.409409409409477121e-01 3.135000000000000000e+03
4.419419419419341466e-01 3.263000000000000000e+03
4.429429429429490028e-01 3.149000000000000000e+03
4.439439439439354373e-01 3.095000000000000000e+03
4.449449449449502936e-01 3.135000000000000000e+03
4.459459459459367281e-01 3.058000000000000000e+03
4.469469469469515843e-01 3.090000000000000000e+03
4.479479479479380188e-01 3.159000000000000000e+03
4.489489489489528751e-01 3.187000000000000000e+03
4.499499499499393096e-01 2.989000000000000000e+03
4.509509509509541658e-01 3.051000000000000000e+03
4.519519519519406003e-01 3.054000000000000000e+03
4.529529529529554566e-01 3.166000000000000000e+03
4.539539539539418911e-01 3.080000000000000000e+03
4.549549549549567473e-01 3.002000000000000000e+03
4.559559559559431818e-01 3.080000000000000000e+03
4.569569569569580381e-01 3.026000000000000000e+03
4.579579579579444726e-01 3.022000000000000000e+03
4.589589589589593288e-01 3.020000000000000000e+03
4.599599599599599742e-01 3.079000000000000000e+03
4.609609609609606196e-01 3.060000000000000000e+03
4.619619619619754758e-01 3.028000000000000000e+03
4.629629629629619103e-01 2.996000000000000000e+03
4.639639639639767665e-01 3.000000000000000000e+03
4.649649649649632011e-01 3.031000000000000000e+03
4.659659659659780573e-01 3.018000000000000000e+03
4.669669669669644918e-01 2.957000000000000000e+03
4.679679679679793480e-01 3.005000000000000000e+03
4.689689689689657826e-01 3.007000000000000000e+03
4.699699699699806388e-01 2.995000000000000000e+03
4.709709709709670733e-01 2.948000000000000000e+03
4.719719719719819295e-01 2.977000000000000000e+03
4.729729729729683640e-01 2.945000000000000000e+03
4.739739739739832203e-01 2.916000000000000000e+03
4.749749749749696548e-01 2.903000000000000000e+03
4.759759759759845110e-01 2.970000000000000000e+03
4.769769769769709455e-01 2.927000000000000000e+03
4.779779779779858018e-01 2.927000000000000000e+03
4.789789789789722363e-01 2.841000000000000000e+03
4.799799799799870925e-01 2.944000000000000000e+03
4.809809809809735270e-01 2.940000000000000000e+03
4.819819819819883833e-01 2.868000000000000000e+03
4.829829829829748178e-01 3.006000000000000000e+03
4.839839839839896740e-01 2.869000000000000000e+03
4.849849849849761085e-01 2.930000000000000000e+03
4.859859859859909648e-01 2.858000000000000000e+03
4.869869869869773993e-01 2.844000000000000000e+03
4.879879879879922555e-01 2.826000000000000000e+03
4.889889889889786900e-01 2.833000000000000000e+03
4.899899899899935463e-01 2.744000000000000000e+03
4.909909909909799808e-01 2.895000000000000000e+03
4.919919919919948370e-01 2.731000000000000000e+03
4.929929929929812715e-01 2.805000000000000000e+03
4.939939939939961278e-01 2.938000000000000000e+03
4.949949949949825623e-01 2.848000000000000000e+03
4.959959959959974185e-01 2.807000000000000000e+03
4.969969969969838530e-01 2.761000000000000000e+03
4.979979979979987093e-01 2.858000000000000000e+03
4.989989989989851438e-01 2.856000000000000000e+03
5.000000000000000000e-01 2.813000000000000000e+03
5.010010010010148562e-01 2.765000000000000000e+03
5.020020020020012907e-01 2.814000000000000000e+03
5.030030030030161470e-01 2.735000000000000000e+03
5.040040040040025815e-01 2.750000000000000000e+03
5.050050050050174377e-01 2.725000000000000000e+03
5.060060060060038722e-01 2.686000000000000000e+03
5.070070070070187285e-01 2.840000000000000000e+03
5.080080080080051630e-01 2.702000000000000000e+03
5.090090090090200192e-01 2.717000000000000000e+03
5.100100100100064537e-01 2.727000000000000000e+03
5.110110110110213100e-01 2.706000000000000000e+03
5.120120120120077445e-01 2.690000000000000000e+03
5.130130130130226007e-01 2.680000000000000000e+03
5.140140140140090352e-01 2.687000000000000000e+03
5.150150150150238915e-01 2.801000000000000000e+03
5.160160160160103260e-01 2.676000000000000000e+03
5.170170170170251822e-01 2.726000000000000000e+03
5.180180180180116167e-01 2.573000000000000000e+03
5.190190190190264730e-01 2.625000000000000000e+03
5.200200200200129075e-01 2.598000000000000000e+03
5.210210210210277637e-01 2.666000000000000000e+03
5.220220220220141982e-01 2.648000000000000000e+03
5.230230230230290545e-01 2.735000000000000000e+03
5.240240240240154890e-01 2.596000000000000000e+03
5.250250250250303452e-01 2.683000000000000000e+03
5.260260260260167797e-01 2.650000000000000000e+03
5.270270270270316360e-01 2.759000000000000000e+03
5.280280280280180705e-01 2.576000000000000000e+03
5.290290290290329267e-01 2.587000000000000000e+03
5.300300300300193612e-01 2.604000000000000000e+03
5.310310310310342174e-01 2.623000000000000000e+03
5.320320320320206520e-01 2.644000000000000000e+03
5.330330330330355082e-01 2.562000000000000000e+03
5.340340340340219427e-01 2.587000000000000000e+03
5.350350350350367989e-01 2.590000000000000000e+03
5.360360360360232335e-01 2.551000000000000000e+03
5.370370370370380897e-01 2.524000000000000000e+03
5.380380380380245242e-01 2.590000000000000000e+03
5.390390390390393804e-01 2.531000000000000000e+03
5.400400400400400258e-01 2.543000000000000000e+03
5.410410410410406712e-01 2.543000000000000000e+03
5.420420420420555274e-01 2.523000000000000000e+03
5.430430430430419619e-01 2.533000000000000000e+03
5.440440440440568182e-01 2.536000000000000000e+03
5.450450450450432527e-01 2.510000000000000000e+03
5.460460460460581089e-01 2.513000000000000000e+03
5.470470470470445434e-01 2.498000000000000000e+03
5.480480480480593997e-01 2.577000000000000000e+03
5.490490490490458342e-01 2.595000000000000000e+03
5.500500500500606904e-01 2.503000000000000000e+03
5.510510510510471249e-01 2.431000000000000000e+03
5.520520520520619812e-01 2.488000000000000000e+03
5.530530530530484157e-01 2.598000000000000000e+03
5.540540540540632719e-01 2.415000000000000000e+03
5.550550550550497064e-01 2.544000000000000000e+03
5.560560560560645627e-01 2.558000000000000000e+03
5.570570570570509972e-01 2.485000000000000000e+03
5.580580580580658534e-01 2.437000000000000000e+03
5.590590590590522879e-01 2.425000000000000000e+03
5.600600600600671441e-01 2.512000000000000000e+03
5.610610610610535787e-01 2.512000000000000000e+03
5.620620620620684349e-01 2.418000000000000000e+03
5.630630630630548694e-01 2.489000000000000000e+03
5.640640640640697256e-01 2.529000000000000000e+03
5.650650650650561602e-01 2.368000000000000000e+03
5.660660660660710164e-01 2.512000000000000000e+03
5.670670670670574509e-01 2.417000000000000000e+03
5.680680680680723071e-01 2.409000000000000000e+03
5.690690690690587417e-01 2.394000000000000000e+03
5.700700700700735979e-01 2.422000000000000000e+03
5.710710710710600324e-01 2.386000000000000000e+03
5.720720720720748886e-01 2.442000000000000000e+03
5.730730730730613232e-01 2.333000000000000000e+03
5.740740740740761794e-01 2.338000000000000000e+03
5.750750750750626139e-01 2.356000000000000000e+03
5.760760760760774701e-01 2.417000000000000000e+03
5.770770770770639047e-01 2.385000000000000000e+03
5.780780780780787609e-01 2.379000000000000000e+03
5.790790790790651954e-01 2.345000000000000000e+03
5.800800800800800516e-01 2.429000000000000000e+03
5.810810810810949079e-01 2.331000000000000000e+03
5.820820820820813424e-01 2.383000000000000000e+03
5.830830830830961986e-01 2.314000000000000000e+03
5.840840840840826331e-01 2.376000000000000000e+03
5.850850850850974894e-01 2.340000000000000000e+03
5.860860860860839239e-01 2.250000000000000000e+03
5.870870870870987801e-01 2.409000000000000000e+03
5.880880880880852146e-01 2.349000000000000000e+03
5.890890890891000709e-01 2.162000000000000000e+03
5.900900900900865054e-01 2.314000000000000000e+03
5.910910910911013616e-01 2.361000000000000000e+03
5.920920920920877961e-01 2.345000000000000000e+03
5.930930930931026523e-01 2.314000000000000000e+03
5.940940940940890869e-01 2.346000000000000000e+03
5.950950950951039431e-01 2.199000000000000000e+03
5.960960960960903776e-01 2.251000000000000000e+03
5.970970970971052338e-01 2.352000000000000000e+03
5.980980980980916684e-01 2.284000000000000000e+03
5.990990990991065246e-01 2.224000000000000000e+03
6.001001001000929591e-01 2.195000000000000000e+03
6.011011011011078153e-01 2.259000000000000000e+03
6.021021021020942499e-01 2.337000000000000000e+03
6.031031031031091061e-01 2.313000000000000000e+03
6.041041041040955406e-01 2.235000000000000000e+03
6.051051051051103968e-01 2.251000000000000000e+03
6.061061061060968314e-01 2.227000000000000000e+03
6.071071071071116876e-01 2.205000000000000000e+03
6.081081081080981221e-01 2.194000000000000000e+03
6.091091091091129783e-01 2.116000000000000000e+03
6.101101101100994129e-01 2.273000000000000000e+03
6.111111111111142691e-01 2.205000000000000000e+03
6.121121121121007036e-01 2.275000000000000000e+03
6.131131131131155598e-01 2.273000000000000000e+03
6.141141141141019943e-01 2.160000000000000000e+03
6.151151151151168506e-01 2.250000000000000000e+03
6.161161161161032851e-01 2.189000000000000000e+03
6.171171171171181413e-01 2.208000000000000000e+03
6.181181181181045758e-01 2.131000000000000000e+03
6.191191191191194321e-01 2.142000000000000000e+03
6.201201201201200774e-01 2.176000000000000000e+03
6.211211211211207228e-01 2.173000000000000000e+03
6.221221221221355790e-01 2.150000000000000000e+03
6.231231231231220136e-01 2.088000000000000000e+03
6.241241241241368698e-01 2.147000000000000000e+03
6.251251251251233043e-01 2.154000000000000000e+03
6.261261261261381605e-01 2.163000000000000000e+03
6.271271271271245951e-01 2.219000000000000000e+03
6.281281281281394513e-01 2.180000000000000000e+03
6.291291291291258858e-01 2.173000000000000000e+03
6.301301301301407420e-01 2.117000000000000000e+03
6.311311311311271766e-01 2.049000000000000000e+03
6.321321321321420328e-01 2.126000000000000000e+03
6.331331331331284673e-01 2.088000000000000000e+03
6.341341341341433235e-01 1.996000000000000000e+03
6.351351351351297581e-01 2.084000000000000000e+03
6.361361361361446143e-01 2.030000000000000000e+03
6.371371371371310488e-01 2.132000000000000000e+03
6.381381381381459050e-01 2.064000000000000000e+03
6.391391391391323396e-01 2.097000000000000000e+03
6.401401401401471958e-01 2.041000000000000000e+03
6.411411411411336303e-01 2.113000000000000000e+03
6.421421421421484865e-01 2.149000000000000000e+03
6.431431431431349210e-01 2.081000000000000000e+03
6.441441441441497773e-01 2.026000000000000000e+03
6.451451451451362118e-01 2.075000000000000000e+03
6.461461461461510680e-01 2.105000000000000000e+03
6.471471471471375025e-01 2.064000000000000000e+03
6.481481481481523588e-01 2.070000000000000000e+03
6.491491491491387933e-01 1.964000000000000000e+03
6.501501501501536495e-01 2.116000000000000000e+03
6.511511511511400840e-01 2.051000000000000000e+03
6.521521521521549403e-01 1.988000000000000000e+03
6.531531531531413748e-01 1.996000000000000000e+03
6.541541541541562310e-01 2.065000000000000000e+03
6.551551551551426655e-01 2.082000000000000000e+03
6.561561561561575218e-01 2.038000000000000000e+03
6.571571571571439563e-01 2.014000000000000000e+03
6.581581581581588125e-01 2.036000000000000000e+03
6.591591591591452470e-01 1.985000000000000000e+03
6.601601601601601033e-01 1.983000000000000000e+03
6.611611611611749595e-01 2.052000000000000000e+03
6.621621621621613940e-01 1.970000000000000000e+03
6.631631631631762502e-01 2.013000000000000000e+03
6.641641641641626848e-01 1.996000000000000000e+03
6.651651651651775410e-01 2.014000000000000000e+03
6.661661661661639755e-01 1.991000000000000000e+03
6.671671671671788317e-01 1.992000000000000000e+03
6.681681681681652663e-01 1.992000000000000000e+03
6.691691691691801225e-01 1.973000000000000000e+03
6.701701701701665570e-01 1.991000000000000000e+03
6.711711711711814132e-01 1.965000000000000000e+03
6.721721721721678477e-01 2.018000000000000000e+03
6.731731731731827040e-01 1.948000000000000000e+03
6.741741741741691385e-01 2.017000000000000000e+03
6.751751751751839947e-01 1.917000000000000000e+03
6.761761761761704292e-01 2.003000000000000000e+03
6.771771771771852855e-01 1.959000000000000000e+03
6.781781781781717200e-01 2.008000000000000000e+03
6.791791791791865762e-01 1.998000000000000000e+03
6.801801801801730107e-01 1.899000000000000000e+03
6.811811811811878670e-01 1.851000000000000000e+03
6.821821821821743015e-01 1.935000000000000000e+03
6.831831831831891577e-01 1.963000000000000000e+03
6.841841841841755922e-01 1.936000000000000000e+03
6.851851851851904485e-01 1.869000000000000000e+03
6.861861861861768830e-01 1.948000000000000000e+03
6.871871871871917392e-01 1.910000000000000000e+03
6.881881881881781737e-01 1.908000000000000000e+03
6.891891891891930300e-01 1.890000000000000000e+03
6.901901901901794645e-01 1.868000000000000000e+03
6.911911911911943207e-01 1.936000000000000000e+03
6.921921921921807552e-01 1.804000000000000000e+03
6.931931931931956115e-01 1.805000000000000000e+03
6.941941941941820460e-01 1.851000000000000000e+03
6.951951951951969022e-01 1.856000000000000000e+03
6.961961961961833367e-01 1.883000000000000000e+03
6.971971971971981930e-01 1.893000000000000000e+03
6.981981981981846275e-01 1.966000000000000000e+03
6.991991991991994837e-01 1.885000000000000000e+03
7.002002002002001291e-01 1.873000000000000000e+03
7.012012012012007744e-01 1.855000000000000000e+03
7.022022022022156307e-01 1.826000000000000000e+03
7.032032032032020652e-01 1.802000000000000000e+03
7.042042042042169214e-01 1.840000000000000000e+03
7.052052052052033559e-01 1.928000000000000000e+03
7.062062062062182122e-01 1.852000000000000000e+03
7.072072072072046467e-01 1.888000000000000000e+03
7.082082082082195029e-01 1.813000000000000000e+03
7.092092092092059374e-01 1.845000000000000000e+03
7.102102102102207937e-01 1.809000000000000000e+03
7.112112112112072282e-01 1.763000000000000000e+03
7.122122122122220844e-01 1.814000000000000000e+03
7.132132132132085189e-01 1.852000000000000000e+03
7.142142142142233752e-01 1.800000000000000000e+03
7.152152152152098097e-01 1.877000000000000000e+03
7.162162162162246659e-01 1.816000000000000000e+03
7.172172172172111004e-01 1.782000000000000000e+03
7.182182182182259567e-01 1.840000000000000000e+03
7.192192192192123912e-01 1.782000000000000000e+03
7.202202202202272474e-01 1.812000000000000000e+03
7.212212212212136819e-01 1.739000000000000000e+03
7.222222222222285382e-01 1.813000000000000000e+03
7.232232232232149727e-01 1.744000000000000000e+03
7.242242242242298289e-01 1.743000000000000000e+03
7.252252252252162634e-01 1.727000000000000000e+03
7.262262262262311197e-01 1.828000000000000000e+03
7.272272272272175542e-01 1.702000000000000000e+03
7.282282282282324104e-01 1.769000000000000000e+03
7.292292292292188449e-01 1.787000000000000000e+03
7.302302302302337011e-01 1.738000000000000000e+03
7.312312312312201357e-01 1.722000000000000000e+03
7.322322322322349919e-01 1.713000000000000000e+03
7.332332332332214264e-01 1.799000000000000000e+03
7.342342342342362826e-01 1.738000000000000000e+03
7.352352352352227172e-01 1.726000000000000000e+03
7.362362362362375734e-01 1.676000000000000000e+03
7.372372372372240079e-01 1.732000000000000000e+03
7.382382382382388641e-01 1.641000000000000000e+03
7.392392392392252987e-01 1.754000000000000000e+03
7.402402402402401549e-01 1.623000000000000000e+03
7.412412412412550111e-01 1.674000000000000000e+03
7.422422422422414456e-01 1.732000000000000000e+03
7.432432432432563019e-01 1.673000000000000000e+03
7.442442442442427364e-01 1.677000000000000000e+03
7.452452452452575926e-01 1.740000000000000000e+03
7.462462462462440271e-01 1.739000000000000000e+03
7.472472472472588834e-01 1.789000000000000000e+03
7.482482482482453179e-01 1.736000000000000000e+03
7.492492492492601741e-01 1.649000000000000000e+03
7.502502502502466086e-01 1.717000000000000000e+03
7.512512512512614649e-01 1.681000000000000000e+03
7.522522522522478994e-01 1.649000000000000000e+03
7.532532532532627556e-01 1.655000000000000000e+03
7.542542542542491901e-01 1.717000000000000000e+03
7.552552552552640464e-01 1.659000000000000000e+03
7.562562562562504809e-01 1.637000000000000000e+03
7.572572572572653371e-01 1.629000000000000000e+03
7.582582582582517716e-01 1.690000000000000000e+03
7.592592592592666279e-01 1.658000000000000000e+03
7.602602602602530624e-01 1.608000000000000000e+03
7.612612612612679186e-01 1.693000000000000000e+03
7.622622622622543531e-01 1.636000000000000000e+03
7.632632632632692093e-01 1.616000000000000000e+03
7.642642642642556439e-01 1.690000000000000000e+03
7.652652652652705001e-01 1.632000000000000000e+03
7.662662662662569346e-01 1.737000000000000000e+03
7.672672672672717908e-01 1.649000000000000000e+03
7.682682682682582254e-01 1.648000000000000000e+03
7.692692692692730816e-01 1.624000000000000000e+03
7.702702702702595161e-01 1.654000000000000000e+03
7.712712712712743723e-01 1.650000000000000000e+03
7.722722722722608069e-01 1.560000000000000000e+03
7.732732732732756631e-01 1.611000000000000000e+03
7.742742742742620976e-01 1.562000000000000000e+03
7.752752752752769538e-01 1.664000000000000000e+03
7.762762762762633884e-01 1.607000000000000000e+03
7.772772772772782446e-01 1.626000000000000000e+03
7.782782782782646791e-01 1.590000000000000000e+03
7.792792792792795353e-01 1.631000000000000000e+03
7.802802802802801807e-01 1.567000000000000000e+03
7.812812812812808261e-01 1.618000000000000000e+03
7.822822822822956823e-01 1.565000000000000000e+03
7.832832832832821168e-01 1.589000000000000000e+03
7.842842842842969731e-01 1.592000000000000000e+03
7.852852852852834076e-01 1.546000000000000000e+03
7.862862862862982638e-01 1.626000000000000000e+03
7.872872872872846983e-01 1.644000000000000000e+03
7.882882882882995546e-01 1.598000000000000000e+03
7.892892892892859891e-01 1.602000000000000000e+03
7.902902902903008453e-01 1.588000000000000000e+03
7.912912912912872798e-01 1.567000000000000000e+03
7.922922922923021360e-01 1.589000000000000000e+03
7.932932932932885706e-01 1.535000000000000000e+03
7.942942942943034268e-01 1.578000000000000000e+03
7.952952952952898613e-01 1.550000000000000000e+03
7.962962962963047175e-01 1.476000000000000000e+03
7.972972972972911521e-01 1.572000000000000000e+03
7.982982982983060083e-01 1.530000000000000000e+03
7.992992992992924428e-01 1.542000000000000000e+03
8.003003003003072990e-01 1.586000000000000000e+03
8.013013013012937336e-01 1.539000000000000000e+03
8.023023023023085898e-01 1.591000000000000000e+03
8.033033033032950243e-01 1.513000000000000000e+03
8.043043043043098805e-01 1.541000000000000000e+03
8.053053053052963151e-01 1.571000000000000000e+03
8.063063063063111713e-01 1.499000000000000000e+03
8.073073073072976058e-01 1.493000000000000000e+03
8.083083083083124620e-01 1.478000000000000000e+03
8.093093093092988966e-01 1.525000000000000000e+03
8.103103103103137528e-01 1.587000000000000000e+03
8.113113113113001873e-01 1.511000000000000000e+03
8.123123123123150435e-01 1.507000000000000000e+03
8.133133133133014780e-01 1.526000000000000000e+03
8.143143143143163343e-01 1.497000000000000000e+03
8.153153153153027688e-01 1.542000000000000000e+03
8.163163163163176250e-01 1.490000000000000000e+03
8.173173173173040595e-01 1.498000000000000000e+03
8.183183183183189158e-01 1.507000000000000000e+03
8.193193193193053503e-01 1.513000000000000000e+03
8.203203203203202065e-01 1.524000000000000000e+03
8.213213213213350627e-01 1.447000000000000000e+03
8.223223223223214973e-01 1.464000000000000000e+03
8.233233233233363535e-01 1.462000000000000000e+03
8.243243243243227880e-01 1.533000000000000000e+03
8.253253253253376442e-01 1.439000000000000000e+03
8.263263263263240788e-01 1.433000000000000000e+03
8.273273273273389350e-01 1.429000000000000000e+03
8.283283283283253695e-01 1.464000000000000000e+03
8.293293293293402257e-01 1.394000000000000000e+03
8.303303303303266603e-01 1.457000000000000000e+03
8.313313313313415165e-01 1.454000000000000000e+03
8.323323323323279510e-01 1.515000000000000000e+03
8.333333333333428072e-01 1.468000000000000000e+03
8.343343343343292418e-01 1.449000000000000000e+03
8.353353353353440980e-01 1.465000000000000000e+03
8.363363363363305325e-01 1.409000000000000000e+03
8.373373373373453887e-01 1.447000000000000000e+03
8.383383383383318233e-01 1.461000000000000000e+03
8.393393393393466795e-01 1.510000000000000000e+03
8.403403403403331140e-01 1.416000000000000000e+03
8.413413413413479702e-01 1.324000000000000000e+03
8.423423423423344047e-01 1.408000000000000000e+03
8.433433433433492610e-01 1.378000000000000000e+03
8.443443443443356955e-01 1.508000000000000000e+03
8.453453453453505517e-01 1.495000000000000000e+03
8.463463463463369862e-01 1.417000000000000000e+03
8.473473473473518425e-01 1.455000000000000000e+03
8.483483483483382770e-01 1.334000000000000000e+03
8.493493493493531332e-01 1.402000000000000000e+03
8.503503503503395677e-01 1.402000000000000000e+03
8.513513513513544240e-01 1.409000000000000000e+03
8.523523523523408585e-01 1.318000000000000000e+03
8.533533533533557147e-01 1.430000000000000000e+03
8.543543543543421492e-01 1.446000000000000000e+03
8.553553553553570055e-01 1.359000000000000000e+03
8.563563563563434400e-01 1.455000000000000000e+03
8.573573573573582962e-01 1.402000000000000000e+03
8.583583583583447307e-01 1.370000000000000000e+03
8.593593593593595870e-01 1.415000000000000000e+03
8.603603603603602323e-01 1.448000000000000000e+03
8.613613613613608777e-01 1.395000000000000000e+03
8.623623623623757339e-01 1.389000000000000000e+03
8.633633633633621685e-01 1.318000000000000000e+03
8.643643643643770247e-01 1.336000000000000000e+03
8.653653653653634592e-01 1.329000000000000000e+03
8.663663663663783154e-01 1.413000000000000000e+03
8.673673673673647500e-01 1.353000000000000000e+03
8.683683683683796062e-01 1.347000000000000000e+03
8.693693693693660407e-01 1.352000000000000000e+03
8.703703703703808969e-01 1.354000000000000000e+03
8.713713713713673314e-01 1.363000000000000000e+03
8.723723723723821877e-01 1.389000000000000000e+03
8.733733733733686222e-01 1.347000000000000000e+03
8.743743743743834784e-01 1.331000000000000000e+03
8.753753753753699129e-01 1.259000000000000000e+03
8.763763763763847692e-01 1.321000000000000000e+03
8.773773773773712037e-01 1.327000000000000000e+03
8.783783783783860599e-01 1.328000000000000000e+03
8.793793793793724944e-01 1.371000000000000000e+03
8.803803803803873507e-01 1.355000000000000000e+03
8.813813813813737852e-01 1.384000000000000000e+03
8.823823823823886414e-01 1.274000000000000000e+03
8.833833833833750759e-01 1.329000000000000000e+03
8.843843843843899322e-01 1.341000000000000000e+03
8.853853853853763667e-01 1.353000000000000000e+03
8.863863863863912229e-01 1.353000000000000000e+03
8.873873873873776574e-01 1.366000000000000000e+03
8.883883883883925137e-01 1.304000000000000000e+03
8.893893893893789482e-01 1.261000000000000000e+03
8.903903903903938044e-01 1.275000000000000000e+03
8.913913913913802389e-01 1.298000000000000000e+03
8.923923923923950952e-01 1.325000000000000000e+03
8.933933933933815297e-01 1.309000000000000000e+03
8.943943943943963859e-01 1.307000000000000000e+03
8.953953953953828204e-01 1.346000000000000000e+03
8.963963963963976767e-01 1.322000000000000000e+03
8.973973973973841112e-01 1.341000000000000000e+03
8.983983983983989674e-01 1.223000000000000000e+03
8.993993993993854019e-01 1.350000000000000000e+03
9.004004004004002581e-01 1.312000000000000000e+03
9.014014014014151144e-01 1.283000000000000000e+03
9.024024024024015489e-01 1.294000000000000000e+03
9.034034034034164051e-01 1.287000000000000000e+03
9.044044044044028396e-01 1.267000000000000000e+03
9.054054054054176959e-01 1.288000000000000000e+03
9.064064064064041304e-01 1.252000000000000000e+03
9.074074074074189866e-01 1.264000000000000000e+03
9.084084084084054211e-01 1.223000000000000000e+03
9.094094094094202774e-01 1.301000000000000000e+03
9.104104104104067119e-01 1.212000000000000000e+03
9.114114114114215681e-01 1.241000000000000000e+03
9.124124124124080026e-01 1.220000000000000000e+03
9.134134134134228589e-01 1.244000000000000000e+03
9.144144144144092934e-01 1.319000000000000000e+03
9.154154154154241496e-01 1.211000000000000000e+03
9.164164164164105841e-01 1.313000000000000000e+03
9.174174174174254404e-01 1.241000000000000000e+03
9.184184184184118749e-01 1.268000000000000000e+03
9.194194194194267311e-01 1.252000000000000000e+03
9.204204204204131656e-01 1.194000000000000000e+03
9.214214214214280219e-01 1.223000000000000000e+03
9.224224224224144564e-01 1.281000000000000000e+03
9.234234234234293126e-01 1.133000000000000000e+03
9.244244244244157471e-01 1.197000000000000000e+03
9.254254254254306034e-01 1.209000000000000000e+03
9.264264264264170379e-01 1.222000000000000000e+03
9.274274274274318941e-01 1.267000000000000000e+03
9.284284284284183286e-01 1.195000000000000000e+03
9.294294294294331849e-01 1.185000000000000000e+03
9.304304304304196194e-01 1.254000000000000000e+03
9.314314314314344756e-01 1.223000000000000000e+03
9.324324324324209101e-01 1.226000000000000000e+03
9.334334334334357663e-01 1.197000000000000000e+03
9.344344344344222009e-01 1.159000000000000000e+03
9.354354354354370571e-01 1.256000000000000000e+03
9.364364364364234916e-01 1.214000000000000000e+03
9.374374374374383478e-01 1.192000000000000000e+03
9.384384384384247824e-01 1.163000000000000000e+03
9.394394394394396386e-01 1.220000000000000000e+03
9.404404404404402840e-01 1.216000000000000000e+03
9.414414414414409293e-01 1.160000000000000000e+03
9.424424424424557856e-01 1.215000000000000000e+03
9.434434434434422201e-01 1.207000000000000000e+03
9.444444444444570763e-01 1.191000000000000000e+03
9.454454454454435108e-01 1.182000000000000000e+03
9.464464464464583671e-01 1.141000000000000000e+03
9.474474474474448016e-01 1.173000000000000000e+03
9.484484484484596578e-01 1.147000000000000000e+03
9.494494494494460923e-01 1.203000000000000000e+03
9.504504504504609486e-01 1.177000000000000000e+03
9.514514514514473831e-01 1.175000000000000000e+03
9.524524524524622393e-01 1.182000000000000000e+03
9.534534534534486738e-01 1.169000000000000000e+03
9.544544544544635301e-01 1.191000000000000000e+03
9.554554554554499646e-01 1.178000000000000000e+03
9.564564564564648208e-01 1.185000000000000000e+03
9.574574574574512553e-01 1.138000000000000000e+03
9.584584584584661116e-01 1.168000000000000000e+03
9.594594594594525461e-01 1.130000000000000000e+03
9.604604604604674023e-01 1.124000000000000000e+03
9.614614614614538368e-01 1.133000000000000000e+03
9.624624624624686930e-01 1.172000000000000000e+03
9.634634634634551276e-01 1.098000000000000000e+03
9.644644644644699838e-01 1.170000000000000000e+03
9.654654654654564183e-01 1.197000000000000000e+03
9.664664664664712745e-01 1.150000000000000000e+03
9.674674674674577091e-01 1.194000000000000000e+03
9.684684684684725653e-01 1.187000000000000000e+03
9.694694694694589998e-01 1.105000000000000000e+03
9.704704704704738560e-01 1.202000000000000000e+03
9.714714714714602906e-01 1.147000000000000000e+03
9.724724724724751468e-01 1.107000000000000000e+03
9.734734734734615813e-01 1.173000000000000000e+03
9.744744744744764375e-01 1.218000000000000000e+03
9.754754754754628721e-01 1.176000000000000000e+03
9.764764764764777283e-01 1.138000000000000000e+03
9.774774774774641628e-01 1.093000000000000000e+03
9.784784784784790190e-01 1.165000000000000000e+03
9.794794794794654536e-01 1.112000000000000000e+03
9.804804804804803098e-01 1.157000000000000000e+03
9.814814814814951660e-01 1.109000000000000000e+03
9.824824824824816005e-01 1.174000000000000000e+03
9.834834834834964568e-01 1.126000000000000000e+03
9.844844844844828913e-01 1.096000000000000000e+03
9.854854854854977475e-01 1.161000000000000000e+03
9.864864864864841820e-01 1.108000000000000000e+03
9.874874874874990383e-01 1.060000000000000000e+03
9.884884884884854728e-01 1.093000000000000000e+03
9.894894894895003290e-01 1.083000000000000000e+03
9.904904904904867635e-01 1.146000000000000000e+03
9.914914914915016197e-01 1.143000000000000000e+03
9.924924924924880543e-01 1.138000000000000000e+03
9.934934934935029105e-01 1.105000000000000000e+03
9.944944944944893450e-01 1.052000000000000000e+03
9.954954954955042012e-01 1.089000000000000000e+03
9.964964964964906358e-01 1.100000000000000000e+03
9.974974974975054920e-01 1.064000000000000000e+03
9.984984984984919265e-01 1.148000000000000000e+03
9.994994994995067827e-01 1.144000000000000000e+03
